3.055097689519069490e+02 3.464845379456147043e+02
2.923768384229104527e+02 3.769852781513542936e+02
3.203671821410478628e+02 3.260875282573585423e+02
2.680625625008037218e+02 3.641450339448648492e+02
3.250706216943205504e+02 3.626893272413840350e+02
3.261357309841489496e+02 3.240897842515771572e+02
3.403698590949057916e+02 3.145979675952183925e+02
3.294296970748354170e+02 3.081913418999467353e+02
3.186594365784590082e+02 3.095369739842328727e+02
3.470655621423390471e+02 3.353031190820552752e+02
3.595384868003484371e+02 3.391649025931253618e+02
2.884630205491192783e+02 3.670861128121804882e+02
3.580222106368602795e+02 3.184133014236077770e+02
3.439839780791352837e+02 2.978506286698772101e+02
3.391739563744076236e+02 3.760971577414134686e+02
3.674831746505705041e+02 3.294738906927508424e+02
3.097726901428766269e+02 3.468349809070346055e+02
3.735905522283457572e+02 3.101315715522551386e+02
2.570992770698343293e+02 4.124530214678728157e+02
2.547590270279005153e+02 3.299549646322913077e+02
3.697500330710485628e+02 3.615767031310726907e+02
2.575570743869938610e+02 4.174526479353797299e+02
3.558331742445554937e+02 3.048110771616987904e+02
3.660691124084006560e+02 3.429722172550157211e+02
2.747624475011725167e+02 3.504412562865852578e+02
2.991123152944844037e+02 2.900844910637374596e+02
2.932366622374086660e+02 2.948351226348221985e+02
4.088099881292938562e+02 3.767395433255889543e+02
2.401266693872116207e+02 4.026197234197653643e+02
3.019455566806936986e+02 2.580843924224586772e+02
3.911582815506640145e+02 3.862076867964491385e+02
3.544949238232423454e+02 3.145597763695906224e+02
2.847279419194186403e+02 3.744371733990057578e+02
3.210918063403416909e+02 3.529377811758375287e+02
3.605784866800802320e+02 4.116660731195711378e+02
2.640783993893059005e+02 3.612476702766795142e+02
3.252473375398578810e+02 3.578894020118522690e+02
2.442398952966974548e+02 4.300152149764295473e+02
2.542091681722595808e+02 3.803054715254827443e+02
3.054108142782616255e+02 2.528344939251538790e+02
2.365450584099787932e+02 3.850739096601762981e+02
3.786377412909127997e+02 2.767383979237314406e+02
2.774518418227763163e+02 2.708899419124152246e+02
2.749625177364782189e+02 4.013411666179912913e+02
2.715383570177253887e+02 2.708929318292109656e+02
2.431644376588909040e+02 4.034663434099902588e+02
3.076482261537130398e+02 2.793847020104008720e+02
3.708158996205635276e+02 2.646279182110617398e+02
4.151829180834014892e+02 4.021025342790474610e+02
2.447677809615829574e+02 3.350145757846029824e+02
3.965917450109050719e+02 3.739668638942684993e+02
2.721485045886416856e+02 4.257926543431786399e+02
3.842512116559782953e+02 2.664965746371879050e+02
3.807929020307702217e+02 2.622914470695613431e+02
2.329206875555464080e+02 4.180284432903707739e+02
2.683164818723748795e+02 4.354949073858326756e+02
2.772987566180142380e+02 2.419899787300497565e+02
3.613285223075436079e+02 2.680167508844325539e+02
3.721327000086730550e+02 3.018296597680963487e+02
2.560050494489162816e+02 4.390539622331456258e+02
3.353231448757203452e+02 3.911446608855876548e+02
3.516829508098176120e+02 2.543570676027262039e+02
2.518727187858822560e+02 3.838075817297041681e+02
2.552972589898209321e+02 3.867545274242106643e+02
4.171979522544119732e+02 3.572566457001479989e+02
2.630911089212692104e+02 4.457984171769846284e+02
2.605061972957407761e+02 4.407003298785025436e+02
2.937883633087482167e+02 2.424349944090267854e+02
3.877770300614911321e+02 2.941020793971504190e+02
3.721498474875699571e+02 4.237298261969824011e+02
1.950547078468181894e+02 4.340399650104826037e+02
3.657742886382151255e+02 2.964218217313149353e+02
2.745481374582067815e+02 4.102413781809329407e+02
3.494194237692330489e+02 2.812050822871671016e+02
2.710912875586797668e+02 3.460932209590266666e+02
2.788215234036559877e+02 2.826893500375553003e+02
3.979560713479500009e+02 4.121693401689688017e+02
4.310059532990852631e+02 4.271379632619480731e+02
2.609883378711436990e+02 2.473998318896904607e+02
4.376318473048461897e+02 3.866039681516299993e+02
2.263089090896923210e+02 4.562873415741668168e+02
4.083992387544486746e+02 2.653884376981956166e+02
2.624215346819069623e+02 3.885488629693167582e+02
4.138752302979295337e+02 3.929997949954111505e+02
4.212190205891086521e+02 2.919651166770645432e+02
2.059776178402320284e+02 2.978192172211644788e+02
2.273627695522972658e+02 3.858357656258978636e+02
2.888620464042638218e+02 4.281860273286043252e+02
2.838341948151147562e+02 4.170874742188299820e+02
3.373193996457189883e+02 4.887460177238050392e+02
2.829272083415476118e+02 4.180377861437315801e+02
1.636817313956906901e+02 3.478605894334770028e+02
4.288561385010283402e+02 2.868323781676259614e+02
3.023309419705154824e+02 1.933342831575565697e+02
2.949373876181567766e+02 1.939847414411962916e+02
3.266021110349641390e+02 2.203398976259074686e+02
3.095105712662775090e+02 4.732349923024070222e+02
2.902845110933097885e+02 2.288856158894413113e+02
4.287251770546003513e+02 3.728823837439248337e+02
2.566917025794590472e+02 2.583532553163927332e+02
1.617660658004218419e+02 3.231653963560156626e+02
2.279097176590020979e+02 2.747348645799320366e+02
3.554475807549908950e+02 2.345605980135088657e+02
3.048892601143770662e+02 1.871343420248538507e+02
1.567658861170166062e+02 3.357785905890437448e+02
2.266577554414261613e+02 4.312868073307072336e+02
3.454127172075122303e+02 2.166516345330358320e+02
3.218786195832267936e+02 4.937881523794706027e+02
2.420823869883291763e+02 4.666176136233618763e+02
3.764939850366465066e+02 2.325853209906623533e+02
3.565696967895893863e+02 2.329117075627701183e+02
2.551510529078000218e+02 2.575545586798248223e+02
4.435773609039706571e+02 3.293189075632877802e+02
1.673639691447422138e+02 3.391513002568029265e+02
3.351855606482507142e+02 2.733445276193962172e+02
3.331286235792490515e+02 2.603432985545223346e+02
1.996749505551902644e+02 3.495808390861611201e+02
3.657145363260223689e+02 2.877217402457908406e+02
2.375802354377519521e+02 2.567225211882019948e+02
1.519811534830538164e+02 3.243415380937045711e+02
4.510000179556024023e+02 4.138391717259331699e+02
1.797973705120322165e+02 3.201218390520526782e+02
1.719498286689770339e+02 3.131900282170550440e+02
4.201252566722617985e+02 2.641126281616468532e+02
3.353607893902636192e+02 5.000447972431975359e+02
2.422079418619951241e+02 2.955172952408295259e+02
3.521683607458614347e+02 4.860577394653240049e+02
4.692537038124531819e+02 3.340919199874812193e+02
2.993531891593072487e+02 2.082843815480169383e+02
3.338365796933185834e+02 1.867935621492667337e+02
1.478655446464327099e+02 3.768533296668194907e+02
4.351643408535495610e+02 3.676477818584613146e+02
4.572926395072556716e+02 3.368564223138547504e+02
2.423883424792801122e+02 3.324171329449318932e+02
3.852023358884457593e+02 3.080981038083364183e+02
3.806294976957507288e+02 4.232414627246906775e+02
3.154235231952793583e+02 2.449360331870224741e+02
3.737490295833311507e+02 2.960317607255963139e+02
3.708944602999121685e+02 2.854780528490223901e+02
3.319697491620859182e+02 3.941927053891481023e+02
2.222199475105308295e+02 4.975433217623539690e+02
2.593215128079455098e+02 3.536011987299723387e+02
3.309982148515357494e+02 1.862419764935275737e+02
3.137419968815702305e+02 2.502856510232909955e+02
4.293570268009480060e+02 2.671334672633329888e+02
4.214739990905776494e+02 2.395654707918702684e+02
3.893388216685453926e+02 3.016545810150181524e+02
1.590485551044467911e+02 4.723731865640991145e+02
3.092801869377675530e+02 3.715349130067356782e+02
1.399992724998145945e+02 3.154258914561003735e+02
4.944603275635378736e+02 3.616756037485044999e+02
2.916765810518891158e+02 1.832352320171566191e+02
1.564349015280472486e+02 3.947797492062806555e+02
3.071338055912789855e+02 5.388848507998167179e+02
3.892736901311954512e+02 2.114042330332802635e+02
4.797770167262215182e+02 3.117751862134721250e+02
1.367964415176518571e+02 3.888359712081042403e+02
3.981857736968811423e+02 2.427693538350479514e+02
1.641468521873868838e+02 4.757099837757244813e+02
3.756203103591667514e+02 4.118844109405185918e+02
3.590919695573818444e+02 2.651643535826443667e+02
4.225810623343443240e+02 3.086681781969540452e+02
2.638161899441500395e+02 2.863478182679992869e+02
3.957972846521951169e+02 3.081653554340857113e+02
3.045653673564717110e+02 3.667344852228979448e+02
2.014193380714881414e+02 2.536773333634378105e+02
2.987205362401955426e+02 1.735843235398133402e+02
1.453803302039320045e+02 3.385602416555726677e+02
4.863948708471319833e+02 3.089972156744608469e+02
4.066143551565727421e+02 3.199851294117069074e+02
2.344492898083834405e+02 3.002263878172876730e+02
1.736986220473771994e+02 4.905365791491252025e+02
2.286736197560067296e+02 2.963338655904548773e+02
4.706520732073197451e+02 3.001960292262415351e+02
2.910775260007713996e+02 1.670352968184649569e+02
2.080591259171633283e+02 2.475154483178831697e+02
2.997413957126596529e+02 2.771844543143464534e+02
3.877223228076204578e+02 1.955517084446916272e+02
3.637670117037171167e+02 1.851692555136636997e+02
3.120032378317501411e+02 3.780353468817337443e+02
3.183823864137071382e+02 5.316870679488060887e+02
3.435203436221044626e+02 2.638002401566657227e+02
4.416316150364665418e+02 2.430634600670113628e+02
3.003376461744462631e+02 3.252844487739171200e+02
2.087663610295573449e+02 2.516642448223711312e+02
3.915970568252387238e+02 4.165084676919807976e+02
3.576315587349407679e+02 2.217627566007063251e+02
4.408097478764700554e+02 2.770115309770540648e+02
1.959414790165016598e+02 4.949384367192494665e+02
2.700428935661450964e+02 1.671935672433022262e+02
4.145161291007572686e+02 3.195509159177746028e+02
3.546855435724687027e+02 1.898097371125659265e+02
3.045049155114045334e+02 1.621342429372737399e+02
2.851563755312614603e+02 5.166871702987152730e+02
3.340937656495855776e+02 1.666436453902168751e+02
1.282124847269940915e+02 4.231630232485362626e+02
1.089334865414243438e+02 3.494776577512806739e+02
2.103180232341646274e+02 3.414118105239195984e+02
3.729405563906556154e+02 5.126310576820328606e+02
2.512014042088832184e+02 1.882079404982277140e+02
3.986809557670903814e+02 3.186204314933190744e+02
3.537832480991309581e+02 4.373591827353751569e+02
4.415840439907525479e+02 2.343132891795942783e+02
4.916798254763647833e+02 2.975653103000787496e+02
2.134711235257127555e+02 3.463065875558580728e+02
2.504672256294238650e+02 1.900586356322123720e+02
3.772201051384897141e+02 4.410866553057214219e+02
4.346835988296620599e+02 2.353460414123304929e+02
3.088887059801812711e+02 1.529345852779492532e+02
3.188028716310183768e+02 2.979870142285070642e+02
3.547160361150730523e+02 4.108100554388030901e+02
1.201253260206974858e+02 4.255895729927592583e+02
1.068812628490573218e+02 4.103355000201913185e+02
3.480246607231039206e+02 2.757538783979912296e+02
1.411477938546397866e+02 2.900223299074260694e+02
2.136843078710612929e+02 3.914063178746132508e+02
3.489792777556652936e+02 2.237046101141914107e+02
3.825956543112026225e+02 4.619944311252820626e+02
3.149659073406022571e+02 2.554859345501885741e+02
3.763296563261947654e+02 1.733848887397201963e+02
1.481767848296535135e+02 4.004025693222358768e+02
2.535518737233327329e+02 1.516056584942565451e+02
3.313121314466234253e+02 2.540422823830272137e+02
3.067396423479338523e+02 2.674346069216292676e+02
1.148982979281608436e+02 3.262565999113989506e+02
2.035729989377272773e+02 3.989237387619498918e+02
4.976721077655253112e+02 4.009874144848081414e+02
3.482811458754119940e+02 2.210040063631552130e+02
3.205640555737894601e+02 1.586373317078767968e+02
3.321678116790648687e+02 3.518928054624969946e+02
4.398972118008667849e+02 2.229089258092458010e+02
2.344064833495552307e+02 2.939264325272188785e+02
4.891661736419569024e+02 3.672571342256346156e+02
9.037229553140124949e+01 3.833971555319295703e+02
3.806468318432624756e+02 1.695409271295571614e+02
3.212350840472209370e+02 3.429878309670551175e+02
2.005313823205794392e+02 3.217291682731548690e+02
3.142237130346535423e+02 1.313854238761202566e+02
4.948310955934402955e+02 4.047772701433380007e+02
3.390674476490934808e+02 2.761970372217292038e+02
1.804696076632031350e+02 3.080702904442033514e+02
1.519111652891376707e+02 4.253422351936471841e+02
1.301773698913138162e+02 3.494062786515568177e+02
5.078650122245900889e+02 2.996742087511111663e+02
5.011369380640101099e+02 3.985500046944806058e+02
2.705686111297293337e+02 2.881934974779044865e+02
5.028157831688357078e+02 3.882561035847194262e+02
2.148529683601506690e+02 2.273040854465047005e+02
2.498875474375246881e+02 1.702091155561614642e+02
4.152084469436208565e+02 3.228523636259170644e+02
1.650814637267482112e+02 2.793067480052189921e+02
3.781684858527947313e+02 1.869874843284049177e+02
4.408889993800347611e+02 3.007618433539509510e+02
4.660188660319689689e+02 2.477815112901282077e+02
3.814015930128234686e+02 1.567919575116241617e+02
3.157900747334444418e+02 4.553362080304833057e+02
2.796658799302074954e+02 1.234885840508284218e+02
1.546906930822074173e+02 2.922339654404332805e+02
5.256213627088573048e+02 3.784952090912395306e+02
4.247049937642496502e+02 3.436230494191185016e+02
4.523141627398713354e+02 2.793421198497078421e+02
4.600012735766610490e+02 2.827139281046286214e+02
4.323275260517008292e+02 3.416908002219200284e+02
2.286639732428678258e+02 2.891838673734519602e+02
5.339187653318954290e+02 3.899801723251440535e+02
2.951985021876284918e+02 3.204348485126691912e+02
4.670476105076153317e+02 3.814354523580543059e+02
4.705223996591964806e+02 2.404452145914396226e+02
4.656073620922352347e+02 2.798304856374910514e+02
4.596426843295413391e+02 3.820634362461370870e+02
3.621270910712336217e+02 4.628678389914917375e+02
2.363424099771708029e+02 3.618741322727915986e+02
5.077345638667425192e+02 4.078247167268025350e+02
4.091468257432934479e+02 1.877895809940682739e+02
2.255074944457081187e+02 2.334880944365202424e+02
4.052947432562026506e+02 3.520826809231375591e+02
3.552466681072806409e+02 4.035605680360363294e+02
4.260610704504175601e+02 3.159760358961831344e+02
4.248731512286814791e+02 3.156233357683774443e+02
3.406791978121806324e+02 4.200982309652645199e+02
1.301379286460429512e+02 4.361569737062262675e+02
3.768703559120370414e+02 5.425864712353697996e+02
2.961764959584687062e+02 3.123847334981897461e+02
4.502503151225469651e+02 3.688868970342558100e+02
5.110563450127901888e+02 4.153374948126001982e+02
4.135589994195518670e+02 3.429990074410006287e+02
3.792718177032213021e+02 5.431898535638819112e+02
5.068217613690353005e+02 4.184713610995778481e+02
2.754004875372603465e+02 2.976909246126473363e+02
4.862105780980972440e+02 4.044472993758306529e+02
5.307401905740653092e+02 3.985667750796362725e+02
2.692902719100384274e+02 3.726442822399475858e+02
2.197122582142640681e+02 1.753963276092243007e+02
1.455705681534485905e+02 4.408102535194066718e+02
4.828683872269666608e+02 2.653850357292299691e+02
4.744729192640139672e+02 2.312075147215260245e+02
4.939679988054646174e+02 2.537229632583187708e+02
3.372766437841737002e+02 4.473459318005459977e+02
1.569011608355085627e+02 2.554778288839229390e+02
1.991118398460717458e+02 3.105318100399560421e+02
3.026123539350218721e+02 9.678386303404914770e+01
2.902174815463731079e+02 4.039357074886913210e+02
4.713743308177845392e+02 2.254477430832722860e+02
2.189629214339793748e+02 3.272478828078836273e+02
1.967612077727847009e+02 1.978859139269620471e+02
4.277984060304722220e+02 3.206300467275648316e+02
4.994709331810947788e+02 2.612927235033041597e+02
4.176026455863937485e+02 3.312574299191239788e+02
3.286056907608742108e+02 4.197409606800620168e+02
3.465561416655891662e+02 4.023527306373644024e+02
1.077835302476386516e+02 2.818811926829797017e+02
4.552270183679734714e+02 2.015497472337453360e+02
5.104113678356027322e+02 2.557834709798534618e+02
5.343010955356660361e+02 2.759804574876203560e+02
2.953438581790002786e+02 7.908414272757954677e+01
5.027268988626773307e+02 2.420044485349230854e+02
2.276258516109848529e+02 1.436348012842196056e+02
1.969775486264110214e+02 1.828854208151540490e+02
1.645005933383748129e+02 2.155578765733802982e+02
2.721011231370183054e+02 8.464195799834681111e+01
2.247669836086553801e+02 1.061885316193098845e+02
2.253143952575271669e+02 1.210878634334887067e+02
2.532857936010266542e+02 8.925552805467737016e+01
2.175112046154334280e+02 1.348494726423692782e+02
1.762910237798055846e+02 1.944792711745396900e+02
4.978629672965972759e+02 2.315866300054362057e+02
5.185256318028692704e+02 2.485150697386993102e+02
3.933889628395808131e+02 1.177604736412984323e+02
1.507870539596006552e+02 1.838439873795610993e+02
4.663864946064729793e+02 1.955822222765260392e+02
4.985788291424512408e+02 2.272891670790747014e+02
1.346093053723655828e+02 1.656410965076075001e+02
3.898371188184830203e+02 1.008045160238018525e+02
4.439770476614372114e+02 1.490688769880157452e+02
4.359559554573474998e+02 1.164983096725238454e+02
5.116730117334402621e+02 2.008377063652023082e+02
