1.892248749999999973e+02 6.223161111110000121e+01
1.892405416670000022e+02 6.224855555559999942e+01
1.892071666669999956e+02 6.222027777779999980e+01
1.892695416669999986e+02 6.224141666669999751e+01
1.892015416669999865e+02 6.224061111110000155e+01
1.892002916669999877e+02 6.221916666669999785e+01
1.891833333330000073e+02 6.221388888890000146e+01
1.891963749999999891e+02 6.221033333329999948e+01
1.892092083329999923e+02 6.221108333330000306e+01
1.891753333329999975e+02 6.222538888889999953e+01
1.891604583330000082e+02 6.222752777779999889e+01
1.892452083329999937e+02 6.224305555560000158e+01
1.891622916670000052e+02 6.221600000000000108e+01
1.891790416670000070e+02 6.220458333330000045e+01
1.891847083330000032e+02 6.224805555559999704e+01
1.891510000000000105e+02 6.222213888889999822e+01
1.892197916670000097e+02 6.223180555559999760e+01
1.891437500000000114e+02 6.221138888889999663e+01
1.892826666670000009e+02 6.226825000000000188e+01
1.892853749999999877e+02 6.222241666669999915e+01
1.891482499999999902e+02 6.223997222220000225e+01
1.892821250000000077e+02 6.227102777780000054e+01
1.891649166670000000e+02 6.220844444440000132e+01
1.891526666670000054e+02 6.222963888889999851e+01
1.892615416669999888e+02 6.223380555560000005e+01
1.892324999999999875e+02 6.220027777779999667e+01
1.892394999999999925e+02 6.220291666669999842e+01
1.891016250000000127e+02 6.224836111110000303e+01
1.893029166670000052e+02 6.226277777779999667e+01
1.892291250000000105e+02 6.218249999999999744e+01
1.891226666670000043e+02 6.225363888889999942e+01
1.891665000000000134e+02 6.221386111110000172e+01
1.892496666670000138e+02 6.224713888889999680e+01
1.892062916669999879e+02 6.223519444440000115e+01
1.891591249999999889e+02 6.226780555559999897e+01
1.892742916670000000e+02 6.223980555560000028e+01
1.892013333330000080e+02 6.223794444440000007e+01
1.892980416670000068e+02 6.227799999999999869e+01
1.892860833329999934e+02 6.225038888889999811e+01
1.892249999999999943e+02 6.217958333330000187e+01
1.893071666669999900e+02 6.225302777779999985e+01
1.891377916669999877e+02 6.219283333330000119e+01
1.892582916670000088e+02 6.218961111109999962e+01
1.892613333330000103e+02 6.226208333329999789e+01
1.892653333330000009e+02 6.218961111109999962e+01
1.892992916670000056e+02 6.226324999999999932e+01
1.892223333329999946e+02 6.219433333330000124e+01
1.891471249999999884e+02 6.218611111109999712e+01
1.890939583329999891e+02 6.226244444440000336e+01
1.892972916669999961e+02 6.222522222220000288e+01
1.891162083330000030e+02 6.224683333330000323e+01
1.892647083329999873e+02 6.227566666669999762e+01
1.891311249999999973e+02 6.218713888890000163e+01
1.891352500000000134e+02 6.218480555560000056e+01
1.893115416670000002e+02 6.227133333329999942e+01
1.892692916670000045e+02 6.228105555559999829e+01
1.892584583329999930e+02 6.217355555559999658e+01
1.891584166670000116e+02 6.218800000000000239e+01
1.891454999999999984e+02 6.220677777779999928e+01
1.892839999999999918e+02 6.228302777780000099e+01
1.891892916669999920e+02 6.225641666669999807e+01
1.891699166669999954e+02 6.218041666669999756e+01
1.892888749999999902e+02 6.225233333330000107e+01
1.892847916670000075e+02 6.225397222219999804e+01
1.890916666669999984e+02 6.223752777779999690e+01
1.892755416669999988e+02 6.228677777779999758e+01
1.892786250000000052e+02 6.228394444439999944e+01
1.892388333330000023e+02 6.217380555559999777e+01
1.891268750000000125e+02 6.220247222220000083e+01
1.891452916670000093e+02 6.227450000000000330e+01
1.893567916670000102e+02 6.228019444440000285e+01
1.891530833330000121e+02 6.220377777779999917e+01
1.892618333329999984e+02 6.226702777780000275e+01
1.891725833330000057e+02 6.219533333329999891e+01
1.892659166669999991e+02 6.223138888889999976e+01
1.892566666669999904e+02 6.219616666670000171e+01
1.891144999999999925e+02 6.226805555560000016e+01
1.890749999999999886e+02 6.227633333330000198e+01
1.892778749999999945e+02 6.217655555559999669e+01
1.890672083329999964e+02 6.225380555560000317e+01
1.893195000000000050e+02 6.229258333330000141e+01
1.891023749999999950e+02 6.218650000000000233e+01
1.892762916670000095e+02 6.225497222220000282e+01
1.890955416669999920e+02 6.225738888890000311e+01
1.890870416669999940e+02 6.220125000000000171e+01
1.893434583330000009e+02 6.220452777780000275e+01
1.893181250000000091e+02 6.225344444440000302e+01
1.892447500000000105e+02 6.227700000000000102e+01
1.892507500000000107e+02 6.227083333329999704e+01
1.891868333330000098e+02 6.231063888890000158e+01
1.892518333330000075e+02 6.227136111109999916e+01
1.893940000000000055e+02 6.223227777780000025e+01
1.890779583329999980e+02 6.219838888889999851e+01
1.892286666669999988e+02 6.214652777780000292e+01
1.892374583330000064e+02 6.214688888890000129e+01
1.891997916669999995e+02 6.216152777780000349e+01
1.892200833329999909e+02 6.230202777779999934e+01
1.892429999999999950e+02 6.216627777779999775e+01
1.890778750000000059e+02 6.224619444439999683e+01
1.892829999999999870e+02 6.218263888890000146e+01
1.893962083330000041e+02 6.221855555559999829e+01
1.893172916670000063e+02 6.219172222219999924e+01
1.891654583330000037e+02 6.216941666670000188e+01
1.892256250000000080e+02 6.214308333329999812e+01
1.894022083330000044e+02 6.222555555560000329e+01
1.893190416669999934e+02 6.227869444440000279e+01
1.891774166669999886e+02 6.215947222220000157e+01
1.892052916670000116e+02 6.231344444439999819e+01
1.893006666670000016e+02 6.229833333330000045e+01
1.891404166670000109e+02 6.216830555559999993e+01
1.891641250000000127e+02 6.216850000000000165e+01
1.892848333329999946e+02 6.218219444439999677e+01
1.890602916670000013e+02 6.222197222220000157e+01
1.893895833329999903e+02 6.222744444439999967e+01
1.891895416669999861e+02 6.219097222220000276e+01
1.891920000000000073e+02 6.218375000000000341e+01
1.893510833329999912e+02 6.223327777779999792e+01
1.891531666669999936e+02 6.219894444439999859e+01
1.893057499999999891e+02 6.218172222220000123e+01
1.894078749999999900e+02 6.221919444440000291e+01
1.890511666669999897e+02 6.226891666670000092e+01
1.893747083330000009e+02 6.221688888890000158e+01
1.893840416669999911e+02 6.221302777780000071e+01
1.890884166669999900e+02 6.218577777779999849e+01
1.891891666669999950e+02 6.231691666670000274e+01
1.893002916670000104e+02 6.220327777779999678e+01
1.891690833330000032e+02 6.230913888890000152e+01
1.890296666669999865e+02 6.222458333329999647e+01
1.892322083329999884e+02 6.215483333329999738e+01
1.891912083329999916e+02 6.214288888890000351e+01
1.894129583330000060e+02 6.224836111110000303e+01
1.890702083330000107e+02 6.224327777780000304e+01
1.890439166669999906e+02 6.222613888890000311e+01
1.893001250000000084e+02 6.222377777780000230e+01
1.891299166670000034e+02 6.221025000000000205e+01
1.891351666669999929e+02 6.227422222220000236e+01
1.892130833329999859e+02 6.217519444439999887e+01
1.891435833330000094e+02 6.220355555559999772e+01
1.891469999999999914e+02 6.219769444439999972e+01
1.891932916670000111e+02 6.225811111109999985e+01
1.893244583329999955e+02 6.231550000000000011e+01
1.892799583329999962e+02 6.223555555560000130e+01
1.891945833329999971e+02 6.214258333330000283e+01
1.892150833329999955e+02 6.217816666670000103e+01
1.890774166669999943e+02 6.218744444440000052e+01
1.890868749999999920e+02 6.217213888890000106e+01
1.891250000000000000e+02 6.220666666670000211e+01
1.893999166670000136e+02 6.230144444439999774e+01
1.892203749999999900e+02 6.224552777779999957e+01
1.894221249999999941e+02 6.221422222220000009e+01
1.889995000000000118e+02 6.223986111109999797e+01
1.892413333330000000e+02 6.214091666670000080e+01
1.894027916670000025e+02 6.225833333330000130e+01
1.892229166669999927e+02 6.233850000000000335e+01
1.891252499999999941e+02 6.215652777780000093e+01
1.890172083330000135e+02 6.221216666669999995e+01
1.894262083330000053e+02 6.225500000000000256e+01
1.891145833330000130e+02 6.217394444440000001e+01
1.893938333330000034e+02 6.230330555559999794e+01
1.891411666669999931e+02 6.226791666670000325e+01
1.891610833329999934e+02 6.218641666669999779e+01
1.890853749999999991e+02 6.221052777780000298e+01
1.892745416669999940e+02 6.219819444440000211e+01
1.891172916669999893e+02 6.221027777780000179e+01
1.892259999999999991e+02 6.224286111109999808e+01
1.893487916670000004e+02 6.217999999999999972e+01
1.892329583329999991e+02 6.213555555559999988e+01
1.894157916670000077e+02 6.222708333330000130e+01
1.890093333330000007e+02 6.221061111110000041e+01
1.891043750000000045e+02 6.221683333330000210e+01
1.893095416669999906e+02 6.220588888889999879e+01
1.893824583329999882e+02 6.231155555560000181e+01
1.893164166669999986e+02 6.220372222219999969e+01
1.890281249999999886e+02 6.220575000000000188e+01
1.892420416669999952e+02 6.213191666670000046e+01
1.893408750000000111e+02 6.217658333330000175e+01
1.892317500000000052e+02 6.219311111110000212e+01
1.891271250000000066e+02 6.214772222220000231e+01
1.891556249999999864e+02 6.214197222220000327e+01
1.892171250000000100e+02 6.224913888889999924e+01
1.892094583329999864e+02 6.233449999999999847e+01
1.891796249999999873e+02 6.218566666670000131e+01
1.890628749999999911e+02 6.217405555559999897e+01
1.892310416669999995e+02 6.221983333330000221e+01
1.893400416670000084e+02 6.217888888889999777e+01
1.891220833330000062e+02 6.227047222219999867e+01
1.891628750000000139e+02 6.216230555559999971e+01
1.890637499999999989e+02 6.219291666670000041e+01
1.893558749999999975e+02 6.231402777779999980e+01
1.892670416670000009e+02 6.213199999999999790e+01
1.890949583329999939e+02 6.221658333330000090e+01
1.891664166669999929e+02 6.214455555560000022e+01
1.892260833329999912e+02 6.212919444439999950e+01
1.892492083330000128e+02 6.232616666669999717e+01
1.891909166670000104e+02 6.213169444439999722e+01
1.894365833329999873e+02 6.227405555560000039e+01
1.894592916670000022e+02 6.223308333330000153e+01
1.893383750000000134e+02 6.222874999999999801e+01
1.891442083329999946e+02 6.232388888890000089e+01
1.892894583329999989e+02 6.214366666669999972e+01
1.891138333330000023e+02 6.221608333329999851e+01
1.891672083329999907e+02 6.228208333330000102e+01
1.890629583330000116e+02 6.216919444439999864e+01
1.890030833330000064e+02 6.220425000000000182e+01
1.893346249999999884e+02 6.223147222219999719e+01
1.892903333330000066e+02 6.214469444440000245e+01
1.891392083329999991e+02 6.228413888890000294e+01
1.890711666670000000e+02 6.216977777780000025e+01
1.892208750000000066e+02 6.212408333329999977e+01
1.892090416670000081e+02 6.220466666669999967e+01
1.891661249999999939e+02 6.226733333330000164e+01
1.894462499999999920e+02 6.227538888889999669e+01
1.894619999999999891e+02 6.226688888889999873e+01
1.891742500000000007e+02 6.219230555560000084e+01
1.894206666670000061e+02 6.220011111110000002e+01
1.893344583329999864e+02 6.225652777780000235e+01
1.891731666670000038e+02 6.216338888890000192e+01
1.891327499999999873e+02 6.229574999999999818e+01
1.892136250000000075e+02 6.218105555559999686e+01
1.891407083329999921e+02 6.213541666670000296e+01
1.894126666669999963e+02 6.226144444439999859e+01
1.892866249999999866e+02 6.212333333330000329e+01
1.891941666669999904e+02 6.218025000000000091e+01
1.894696666670000127e+02 6.227450000000000330e+01
1.892234166670000093e+02 6.218769444440000171e+01
1.894520833329999903e+02 6.222019444440000058e+01
1.893465416669999968e+02 6.226069444440000211e+01
1.889954999999999927e+02 6.226169444439999978e+01
1.891740000000000066e+02 6.216188888890000186e+01
1.892069999999999936e+02 6.212724999999999653e+01
1.891930833330000041e+02 6.223461111110000132e+01
1.890649999999999977e+02 6.216286111109999979e+01
1.893095833330000062e+02 6.220238888890000339e+01
1.890057916670000111e+02 6.224297222220000236e+01
1.894815833330000032e+02 6.225188888889999816e+01
1.894949166670000125e+02 6.224952777779999735e+01
1.894890000000000043e+02 6.227427777780000184e+01
1.892542916669999897e+02 6.235252777779999889e+01
1.891355833329999996e+02 6.213327777779999650e+01
1.892061249999999859e+02 6.222966666669999825e+01
1.894272083330000100e+02 6.230333333330000301e+01
1.893499999999999943e+02 6.221780555560000181e+01
1.892145416669999918e+02 6.211211111109999905e+01
1.889988749999999982e+02 6.226380555560000118e+01
1.891849166670000102e+02 6.219255555560000204e+01
1.893738749999999982e+02 6.221019444440000257e+01
1.894082916669999861e+02 6.227530555559999925e+01
1.894339583329999925e+02 6.223308333330000153e+01
1.892760833330000025e+02 6.236016666670000319e+01
1.889837916669999913e+02 6.220538888890000351e+01
1.889913750000000050e+02 6.226033333329999664e+01
1.892665000000000077e+02 6.219922222219999952e+01
1.889894166670000004e+02 6.225461111109999734e+01
1.893327500000000043e+02 6.216536111109999752e+01
1.892909999999999968e+02 6.213366666670000171e+01
1.890941249999999911e+02 6.221841666670000137e+01
1.893921249999999930e+02 6.219419444439999722e+01
1.891384999999999934e+02 6.214297222220000094e+01
1.890635833329999969e+02 6.220611111110000024e+01
1.894946250000000134e+02 6.227877777780000201e+01
1.890338333329999898e+02 6.217663888890000123e+01
1.891347083329999919e+02 6.212619444439999938e+01
1.892812083329999950e+02 6.236327777780000048e+01
1.892125833329999978e+02 6.229208333329999903e+01
1.892555833330000041e+02 6.210772222220000316e+01
1.894045416669999895e+02 6.220136111109999888e+01
1.889622500000000116e+02 6.224913888889999924e+01
1.890827500000000043e+02 6.222994444439999739e+01
1.890500416669999879e+02 6.219419444439999722e+01
1.890408749999999998e+02 6.219605555559999743e+01
1.890736666669999977e+02 6.222886111110000229e+01
1.893164166669999986e+02 6.219975000000000165e+01
1.889522916669999972e+02 6.225549999999999784e+01
1.892371666669999968e+02 6.221713888890000277e+01
1.890321250000000077e+02 6.225088888890000050e+01
1.890285000000000082e+02 6.217255555559999891e+01
1.890342083330000094e+02 6.219444444439999842e+01
1.890409583329999919e+02 6.225124999999999886e+01
1.891572083329999998e+02 6.229625000000000057e+01
1.894832499999999982e+02 6.228222222219999793e+01
1.893073750000000075e+02 6.224013888889999890e+01
1.889834583329999873e+02 6.226547222220000322e+01
1.891016666669999893e+02 6.214338888889999879e+01
1.893200833330000137e+02 6.216880555560000232e+01
1.891058749999999975e+02 6.223466666670000080e+01
1.891655000000000086e+02 6.226330555559999880e+01
1.890812083330000064e+02 6.221458333329999846e+01
1.892095416669999963e+02 6.236244444439999768e+01
1.890826250000000073e+02 6.221438888889999674e+01
1.891828749999999957e+02 6.227250000000000085e+01
1.894343333330000121e+02 6.228127777779999974e+01
1.891394583329999932e+02 6.234052777779999843e+01
1.892359999999999900e+02 6.221266666670000234e+01
1.890522083330000100e+02 6.224394444440000029e+01
1.889794583329999966e+02 6.226963888889999765e+01
1.890960416670000086e+02 6.222961111109999877e+01
1.891365833330000044e+02 6.234086111109999706e+01
1.889844999999999970e+02 6.227138888889999890e+01
1.892607500000000016e+02 6.220450000000000301e+01
1.890091666669999881e+02 6.226363888889999743e+01
1.889560416669999938e+02 6.226027777779999894e+01
1.892680833329999928e+02 6.224613888889999913e+01
1.893268750000000011e+02 6.213652777779999781e+01
1.894159166670000047e+02 6.228388888890000175e+01
1.890137083330000110e+02 6.218638888889999805e+01
1.893346249999999884e+02 6.236644444440000257e+01
1.890238333329999989e+02 6.216741666669999944e+01
1.890005416669999931e+02 6.217988888890000254e+01
1.891869166669999913e+02 6.228763888889999834e+01
1.893488749999999925e+02 6.235358333330000136e+01
1.894017916669999977e+02 6.218094444439999791e+01
1.893516666669999893e+02 6.221158333329999834e+01
1.892283333329999948e+02 6.209288888889999924e+01
1.895039166669999986e+02 6.222663888889999839e+01
1.892431249999999920e+02 6.226352777780000025e+01
1.890275416670000084e+02 6.216422222220000293e+01
1.889192916670000102e+02 6.224963888890000163e+01
1.893280416670000079e+02 6.222088888889999936e+01
1.893542083330000025e+02 6.214900000000000091e+01
1.890791250000000048e+02 6.221716666670000251e+01
1.893605000000000018e+02 6.234072222220000015e+01
1.892406666669999993e+02 6.239252777779999803e+01
1.889939583329999948e+02 6.218408333330000204e+01
1.890912500000000023e+02 6.222308333330000352e+01
1.891972916670000018e+02 6.227230555559999914e+01
1.894134999999999991e+02 6.234983333329999766e+01
1.891758749999999907e+02 6.226263888889999976e+01
1.890004166669999961e+02 6.230430555560000272e+01
1.889130833330000030e+02 6.226672222220000208e+01
1.894603749999999991e+02 6.219552777780000241e+01
1.893567500000000052e+02 6.237858333329999994e+01
1.890540000000000020e+02 6.232461111109999763e+01
1.890016666669999950e+02 6.232372222219999713e+01
1.891042083330000025e+02 6.235430555559999988e+01
1.889798749999999927e+02 6.230005555559999664e+01
1.891229583330000139e+02 6.237083333329999846e+01
1.890504166670000075e+02 6.232811111110000013e+01
1.889044583330000080e+02 6.228997222219999941e+01
1.890462499999999864e+02 6.237466666670000137e+01
1.891005416669999875e+02 6.238363888890000197e+01
1.890468333329999950e+02 6.215097222219999651e+01
1.890507499999999936e+02 6.234886111109999973e+01
1.889103749999999877e+02 6.227861111109999825e+01
1.890204583329999934e+02 6.233727777779999712e+01
1.889809583329999896e+02 6.218099999999999739e+01
1.895488750000000095e+02 6.230597222219999765e+01
1.890092916670000136e+02 6.234608333330000107e+01
1.889524166669999943e+02 6.219216666669999682e+01
1.892460416669999859e+02 6.242294444440000234e+01
1.894367499999999893e+02 6.236391666669999978e+01
1.892369583329999898e+02 6.208305555559999789e+01
1.889901666670000111e+02 6.217336111110000019e+01
1.893174166670000034e+02 6.211888888890000260e+01
1.893539166669999929e+02 6.214066666669999961e+01
1.893926250000000095e+02 6.215877777779999747e+01
1.888282083329999921e+02 6.226441666670000075e+01
1.892645416670000031e+02 6.208613888890000254e+01
1.893207500000000039e+02 6.209808333330000352e+01
1.893201249999999902e+02 6.210636111110000002e+01
1.892868750000000091e+02 6.208869444439999796e+01
1.893294166670000038e+02 6.211399999999999721e+01
1.893785416670000075e+02 6.214708333330000301e+01
1.895286666670000102e+02 6.221180555560000158e+01
1.892042083329999969e+02 6.207744444440000109e+01
1.893096250000000111e+02 6.208458333330000301e+01
1.895125833330000091e+02 6.218424999999999869e+01
1.895242499999999950e+02 6.217988888890000254e+01
1.892281666670000106e+02 6.207399999999999807e+01
1.889960000000000093e+02 6.216758333330000141e+01
1.892443749999999909e+02 6.206719444440000188e+01
1.891695416670000043e+02 6.208094444439999648e+01
1.889713333329999898e+02 6.217694444440000012e+01
1.891205416669999977e+02 6.210450000000000159e+01
1.894088333329999898e+02 6.214113888890000226e+01
1.890335833329999957e+02 6.214763888889999777e+01
1.889951666670000066e+02 6.216519444440000086e+01
1.894279999999999973e+02 6.213100000000000023e+01
1.892034166669999991e+02 6.205688888889999788e+01
1.891247916670000109e+02 6.209508333330000340e+01
1.895035833329999946e+02 6.214513888890000004e+01
1.888722083330000032e+02 6.221569444440000041e+01
1.892782083330000091e+02 6.243063888889999902e+01
1.888400000000000034e+02 6.230194444440000012e+01
1.895955416669999920e+02 6.217786111110000036e+01
1.890603749999999934e+02 6.212183333330000323e+01
1.895926249999999982e+02 6.223791666670000211e+01
1.894690833329999862e+02 6.212205555559999937e+01
1.891882083330000057e+02 6.205222222220000106e+01
1.890699999999999932e+02 6.210374999999999801e+01
1.889797083329999907e+02 6.215047222220000123e+01
1.892754583329999889e+02 6.202505555559999806e+01
1.890124166669999966e+02 6.239166666669999728e+01
1.888857916670000066e+02 6.218933333329999869e+01
1.896172083330000078e+02 6.215113888890000027e+01
1.893577083330000050e+02 6.204208333329999903e+01
1.896895416669999861e+02 6.216722222220000305e+01
